signal = 1
scenario = C:\Users\Nickb\Documents\Nick_uni\Project22\GameControllerSample\testmap.txt
guard = 0 1 -11.261506797611883 -503.98891508846646 4.686280177672102 0.0
guard = 1 1 57.37783432668972 1.6493353739362928 5.851506282940226 0.0
guard = 2 1 -309.1322831009323 -477.6654275783314 4.070100648650765 0.0
